109
108
110
158
157
154
153
137
135
133
132
124
123
121
122
124
123
123
124
122
124
122
119
120
120
120
123
119
122
120
121
120
119
121
121
120
121
120
120
117
122
119
119
117
116
119
118
119
122
118
119
120
119
119
118
119
119
119
119
116
118
119
118
118
121
118
119
121
119
118
117
118
120
117
118
119
119
120
118
117
116
118
116
118
118
118
117
115
119
118
118
114
119
116
116
115
115
114
115
116
117
114
116
115
116
115
116
117
116
116
115
115
115
116
116
114
113
113
114
116
113
117
82
80
81
80
79
77
77
77
76
75
76
75
74
73
73
72
71
68
71
70
69
67
66
67
69
65
67
66
66
65
66
65
64
65
65
63
64
64
63
64
62
62
60
61
62
61
62
63
60
60
60
60
61
58
58
61
57
57
61
59
60
58
60
59
56
58
58
58
57
58
56
57
56
56
55
57
56
55
56
58
56
56
56
55
55
54
57
56
55
57
56
56
54
57
54
55
58
56
54
55
54
56
54
53
53
53
55
53
54
54
56
53
51
53
53
53
53
53
55
52
54
53
53
53
53
53
54
54
53
52
53
54
52
52
51
52
54
52
52
50
53
52
53
50
50
52
51
50
51
49
53
51
51
52
52
55
50
51
49
52
51
51
54
53
50
52
52
53
51
51
52
51
51
50
49
52
52
50
50
50
49
51
51
50
49
52
51
51
51
51
51
51
50
49
51
50
52
51
52
52
49
50
51
51
52
50
52
49
51
49
51
52
52
50
50
50
51
52
51
49
52
48
51
50
50
50
51
51
51
53
50
50
52
51
50
50
52
49
52
50
52
51
52
50
50
50
49
52
50
51
51
49
52
48
50
49
51
51
49
51
49
50
51
50
51
52
49
50
52
51
52
50
51
52
49
51
49
52
53
51
52
51
49
51
49
51
50
51
50
50
50
49
48
52
50
50
50
51
49
50
51
52
50
51
50
50
50
51
50
50
51
52
54
50
50
52
49
49
51
49
50
50
52
50
52
49
50
50
52
50
51
48
52
50
51
52
50
50
52
50
51
51
48
50
49
49
50
51
50
51
51
51
51
50
49
53
53
51
50
50
53
51
51
50
51
49
51
51
51
52
50
49
50
50
50
51
50
52
51
50
51
51
49
52
49
50
51
49
53
50
51
50
50
48
51
49
50
52
51
51
50
51
51
52
49
49
51
52
52
50
52
50
50
52
49
51
49
51
52
52
51
50
50
51
51
50
49
50
52
51
50
49
51
48
50
50
50
51
50
49
52
51
49
50
50
51
49
51
50
50
51
48
49
51
50
50
52
52
50
49
52
52
48
51
52
51
49
50
50
52
51
50
48
50
50
49
49
50
49
50
50
50
50
50
50
50
51
50
51
51
50
52
52
51
50
48
48
49
51
51
52
50
50
52
49
51
50
49
49
48
49
49
49
51
49
49
51
50
50
48
49
50
50
51
52
50
48
50
52
51
51
51
49
52
51
49
50
51
48
50
49
50
51
51
51
50
50
51
51
51
52
49
51
51
50
49
47
49
50
48
49
50
50
52
50
49
49
49
48
49
50
49
51
51
51
52
50
48
51
49
50
50
51
48
50
51
48
48
49
48
48
50
50
49
49
50
49
49
48
49
49
48
48
51
52
49
50
48
50
49
49
49
48
50
49
50
50
50
48
49
51
51
52
49
50
48
49
49
48
49
49
50
49
49
49
48
47
51
50
49
50
49
50
46
49
48
51
50
50
50
50
51
49
49
49
48
49
48
50
48
50
49
49
50
48
51
49
49
50
50
49
50
48
48
50
49
50
48
48
49
49
49
49
50
49
49
51
49
48
49
48
48
51
50
50
47
51
50
51
48
49
48
50
48
49
48
49
49
48
48
50
47
50
50
50
50
46
50
49
50
50
49
48
49
50
51
50
48
50
49
48
49
50
50
49
47
50
49
49
50
48
51
49
49
46
49
49
47
49
48
50
48
49
49
47
47
50
48
50
51
47
48
49
50
48
50
49
48
48
49
49
48
50
48
48
49
50
47
50
50
50
49
48
48
49
48
46
50
49
49
48
49
49
48
49
50
49
47
46
48
48
47
47
48
49
48
48
50
48
50
49
50
49
49
48
48
50
50
50
48
47
48
46
50
49
48
48
47
49
48
49
48
48
50
50
48
48
49
48
49
48
50
48
47
50
50
50
48
47
49
49
49
48
48
49
47
48
49
49
50
49
50
50
48
47
48
48
49
47
49
48
51
48
48
49
49
50
47
48
51
50
48
48
48
48
46
50
48
47
48
48
50
49
46
49
49
49
46
48
49
47
48
49
46
48
47
49
48
49
49
46
46
48
50
48
48
47
48
47
49
47
46
48
48
49
45
48
49
49
46
47
46
46
47
49
49
50
47
49
49
49
47
47
48
49
47
48
48
49
48
48
47
50
49
48
47
48
50
47
47
48
49
49
50
49
50
48
49
48
49
50
48
50
50
50
50
48
48
49
46
48
49
48
50
49
49
48
48
48
49
48
49
50
48
47
49
49
51
50
50
47
46
49
46
51
48
50
49
48
49
47
49
48
48
48
49
50
46
48
48
48
49
48
48
49
46
50
48
50
47
48
49
51
50
48
47
49
49
50
47
49
49
48
49
48
49
48
46
48
48
47
48
48
47
48
49
49
48
48
48
48
49
50
49
48
50
46
47
47
46
48
48
48
50
47
48
48
45
50
50
48
47
48
50
47
47
49
48
49
48
49
50
50
48
49
49
48
48
50
48
48
48
49
48
49
47
49
46
50
49
50
48
49
48
48
49
48
50
47
46
49
49
50
49
49
49
48
47
47
48
51
49
47
48
50
50
47
48
49
48
46
47
48
46
48
49
48
47
48
49
48
49
49
48
49
49
49
49
50
49
46
48
47
49
47
47
50
49
46
48
48
49
48
48
51
49
48
47
49
50
46
49
47
49
49
49
49
48
48
47
48
48
48
47
51
48
47
48
49
49
49
49
48
47
47
48
50
47
49
48
49
48
49
49
49
48
48
50
50
50
48
47
47
48
47
50
49
49
49
49
50
50
47
48
46
48
51
50
49
49
49
50
48
51
48
48
48
48
51
50
48
48
47
50
48
48
50
48
47
50
48
47
49
50
48
49
51
49
50
46
47
48
48
49
47
49
49
49
50
48
49
47
50
50
50
47
49
49
49
50
46
50
47
49
48
48
48
50
49
48
50
48
49
50
48
47
48
49
47
50
49
49
49
48
47
49
50
47
48
50
48
49
49
50
48
48
49
49
47
48
49
49
48
49
48
50
49
48
45
47
50
49
48
49
49
49
48
50
48
49
49
47
49
50
49
48
48
49
49
48
48
48
46
48
48
49
48
46
49
50
48
48
49
49
47
49
48
49
46
50
49
46
49
49
48
51
50
48
51
49
51
49
48
49
49
50
48
48
48
50
48
48
48
49
51
51
48
50
48
50
50
50
48
50
48
48
48
48
49
50
48
48
49
48
48
46
51
49
49
48
50
50
49
48
50
48
49
48
49
46
48
47
49
51
48
49
46
48
49
49
49
48
48
48
47
50
48
48
47
48
48
49
49
48
48
49
46
48
48
49
49
47
48
49
49
49
48
50
48
50
51
49
48
49
49
47
49
50
49
49
50
48
49
50
47
49
49
47
48
49
50
49
50
46
51
49
49
47
50
48
49
49
50
48
47
48
49
49
48
49
48
49
50
48
49
49
46
48
47
48
49
49
50
49
49
51
50
50
48
49
47
48
50
49
48
48
48
49
48
48
47
49
49
47
48
47
48
49
48
48
50
49
49
49
49
47
48
48
48
49
48
48
50
47
49
47
49
48
49
49
47
48
49
48
48
50
50
50
49
50
50
49
48
49
49
49
47
47
48
47
49
50
48
49
47
49
49
47
48
50
48
50
48
48
48
49
49
49
48
48
47
49
50
49
46
49
48
46
47
48
47
49
50
51
49
49
48
50
49
49
48
49
49
47
50
48
51
48
49
46
50
48
46
50
50
50
51
49
48
48
49
47
49
49
50
48
48
49
49
48
48
47
51
48
48
50
48
48
51
48
49
49
50
49
50
50
47
49
48
50
49
49
49
50
50
49
48
48
49
50
48
48
50
48
51
47
50
50
48
49
50
49
47
51
50
47
51
48
49
49
48
48
48
48
50
49
49
48
49
48
49
47
49
48
50
49
50
46
48
49
49
50
48
51
49
49
48
47
48
50
46
47
47
50
47
48
48
48
48
49
50
51
49
49
49
49
49
48
48
47
48
51
50
47
50
49
48
50
48
49
48
47
49
48
49
48
50
48
48
48
49
50
49
47
50
50
49
50
49
49
49
48
48
50
50
49
48
48
50
46
46
50
50
49
48
50
50
49
50
48
50
48
49
49
46
50
49
48
47
49
50
50
48
49
49
48
49
49
49
46
49
49
49
48
49
47
50
49
50
48
48
48
49
47
46
50
49
47
49
50
49
49
51
49
49
46
48
49
48
48
49
49
48
50
49
47
50
47
47
50
51
49
50
47
49
49
49
48
48
48
49
49
48
48
49
49
49
50
48
49
50
50
47
49
50
49
47
49
48
50
48
50
48
48
48
49
49
50
50
50
47
49
48
49
47
49
49
51
47
50
49
49
48
48
50
48
48
47
49
48
49
49
49
49
48
49
47
48
49
50
47
50
49
48
51
50
49
49
50
48
49
48
50
52
50
50
49
50
51
49
50
50
50
51
48
49
51
48
50
48
47
47
48
46
48
51
49
47
48
40
46
46
46
47
48
47
46
46
47
49
46
48
47
47
47
47
46
49
47
46
48
46
48
48
48
48
47
48
46
45
48
47
47
46
49
48
49
45
48
46
47
46
46
45
46
47
48
49
48
45
47
49
46
47
46
48
46
48
46
50
46
46
48
47
48
48
45
47
47
48
48
48
46
48
45
47
47
47
47
46
47
47
48
47
46
45
47
47
48
47
47
46
47
48
46
47
47
47
47
47
48
48
44
47
48
49
49
47
47
46
47
46
45
47
48
47
48
45
46
46
46
46
46
46
47
45
46
46
45
48
47
46
46
47
44
45
47
46
44
46
44
47
46
46
44
45
44
47
44
46
45
46
46
46
47
44
43
44
46
46
46
46
45
46
42
45
45
46
45
45
45
46
45
44
46
44
45
44
45
44
44
45
45
45
44
44
43
44
44
47
45
45
44
44
43
47
44
43
44
44
42
46
46
43
43
45
42
44
44
45
44
44
43
45
42
44
43
44
44
44
44
43
44
42
44
43
44
44
42
40
44
42
43
44
44
43
43
44
42
41
40
42
42
45
42
43
44
42
44
40
42
41
41
42
42
42
42
42
42
42
42
42
42
40
41
40
40
42
40
41
42
43
40
41
41
42
43
40
41
41
42
40
39
41
42
43
43
43
42
41
41
42
41
43
41
42
42
39
43
43
42
43
41
43
39
41
40
42
42
39
42
42
42
41
43
42
41
41
40
41
40
42
41
41
40
41
41
40
41
41
40
41
41
41
39
42
43
42
41
39
40
41
40
41
43
39
42
41
39
43
41
42
41
42
40
41
40
41
42
40
41
41
40
40
41
42
41
40
42
41
40
41
41
43
41
42
41
42
41
42
43
42
40
43
41
40
41
41
42
42
40
38
40
42
41
43
42
41
42
42
42
40
42
42
42
42
41
42
42
42
42
42
41
42
42
40
41
40
43
42
42
39
41
41
41
41
43
40
42
43
44
40
40
42
40
42
42
43
43
42
42
42
42
43
43
41
43
42
42
43
42
41
40
43
42
43
45
43
42
41
43
42
41
40
41
42
42
43
44
41
41
43
41
41
44
43
42
43
42
43
41
44
41
40
40
41
44
43
43
42
43
42
42
42
42
42
40
40
41
42
43
42
45
41
42
42
41
43
42
43
42
42
42
42
43
43
43
43
44
44
42
42
44
43
42
43
42
41
42
42
42
42
42
42
43
43
42
43
41
43
43
43
42
44
42
42
42
43
43
44
42
44
41
44
42
42
41
44
43
41
42
43
40
43
41
42
44
43
42
42
41
42
44
42
42
42
42
41
43
43
42
46
42
43
41
43
44
44
44
41
44
44
42
42
42
43
43
43
43
43
43
43
45
43
43
43
41
43
41
43
45
43
44
44
43
43
44
43
43
42
44
42
44
43
44
42
44
44
44
43
45
45
42
42
45
43
43
44
44
42
42
42
44
42
43
44
43
45
44
44
44
45
45
43
45
43
45
43
43
44
45
45
46
44
45
44
42
44
43
43
43
44
43
45
42
44
45
45
43
46
44
43
43
44
43
42
45
43
44
42
44
44
42
43
43
43
43
44
44
44
44
44
44
45
43
45
45
43
45
45
44
44
45
45
44
43
44
43
46
43
44
45
43
44
44
46
44
45
46
44
42
45
43
44
43
45
46
46
45
44
46
43
44
44
45
43
44
45
44
43
45
45
44
44
45
44
44
44
44
44
43
44
43
44
42
43
44
46
45
44
44
47
43
43
47
44
47
46
45
46
45
43
45
44
44
43
45
44
44
46
47
44
45
44
42
44
43
45
43
45
44
46
45
43
45
45
44
46
46
44
45
45
44
43
44
45
44
44
43
44
44
46
45
45
46
42
45
45
45
47
45
45
46
45
45
45
43
44
45
45
43
47
46
43
45
43
43
45
46
44
45
46
44
44
46
45
46
46
46
45
46
45
45
44
45
45
45
46
44
44
42
46
43
45
44
46
42
47
43
45
44
43
44
45
46
46
45
45
46
46
46
44
45
45
46
43
45
45
46
45
45
46
46
45
45
46
47
46
45
45
46
44
44
43
45
44
46
44
46
45
47
45
45
45
45
45
45
45
44
45
45
46
43
45
45
44
45
46
44
46
44
46
47
45
46
47
47
45
44
44
47
47
45
45
44
46
46
45
44
47
45
43
47
46
47
45
45
46
47
46
46
47
44
47
45
48
48
45
43
44
46
45
45
47
47
46
46
47
46
47
43
46
44
46
47
46
46
47
46
46
46
45
46
49
47
47
47
46
44
48
47
45
47
46
46
46
46
48
46
45
45
47
46
46
46
47
46
47
46
44
44
45
46
47
46
47
48
49
46
46
47
45
47
47
46
47
46
46
47
46
45
45
46
45
45
47
47
48
45
46
47
47
47
46
47
47
45
45
47
47
46
47
46
46
46
47
45
46
47
48
47
47
47
46
49
46
46
49
48
46
48
46
45
45
45
47
46
47
46
48
48
47
46
46
46
48
46
48
47
47
44
47
45
46
46
46
47
46
49
47
48
46
47
46
47
48
45
48
46
49
48
48
47
45
47
49
49
45
48
44
45
48
47
48
47
47
47
48
46
45
46
48
47
45
48
47
47
46
48
49
45
48
49
47
47
48
49
49
48
48
47
48
44
48
49
47
47
47
49
49
47
47
47
49
48
48
47
47
47
49
47
47
47
47
47
49
47
46
49
47
46
47
48
49
45
49
49
49
47
46
47
49
48
48
47
46
47
49
48
47
48
50
47
48
47
48
50
49
49
47
47
47
47
48
48
48
48
48
49
50
48
49
48
48
49
46
48
45
48
48
46
49
48
50
48
48
49
50
48
47
47
49
49
48
48
49
50
50
48
47
48
49
49
48
48
48
47
49
46
49
48
49
48
47
49
50
50
49
47
50
46
48
48
47
51
47
49
50
46
49
50
49
51
47
51
49
50
52
50
49
48
49
48
49
47
48
50
49
49
50
50
48
48
50
50
50
50
50
49
49
50
50
46
50
47
48
48
49
50
50
49
49
50
49
48
51
50
51
52
49
48
49
49
48
48
51
51
49
48
49
49
51
51
50
51
48
48
51
49
50
48
48
48
50
51
49
50
48
49
50
51
50
51
49
50
49
50
48
50
51
50
51
49
50
51
49
51
51
52
50
50
51
49
51
50
49
52
48
49
49
52
50
48
49
51
51
49
52
49
49
52
52
48
52
51
48
50
51
50
49
52
50
51
50
51
52
51
50
51
50
50
50
52
50
51
51
51
51
50
50
50
51
49
48
49
50
51
51
49
51
49
50
50
50
50
50
49
50
52
48
51
50
51
51
50
50
50
51
50
52
51
50
50
51
51
49
50
50
53
50
50
49
50
51
52
52
48
52
49
51
52
50
50
51
48
51
50
50
50
51
51
51
49
51
49
52
50
51
52
50
48
49
53
48
53
51
51
50
49
51
51
53
50
50
50
50
52
49
48
52
51
49
51
49
50
52
50
50
50
51
51
51
50
51
50
50
53
51
51
48
51
49
51
51
50
51
52
52
50
50
51
51
51
51
51
52
52
50
50
50
50
49
51
50
48
50
51
49
48
52
52
51
51
53
48
52
51
48
50
52
49
51
49
50
52
49
51
48
52
51
51
51
52
50
52
50
51
53
53
52
53
50
51
53
51
51
50
52
53
51
54
51
53
49
50
53
50
51
48
52
53
51
52
50
52
50
53
52
50
51
53
53
52
53
51
50
52
53
51
52
52
54
51
52
51
52
51
52
52
51
53
53
49
52
53
52
53
53
53
51
51
53
53
53
52
52
54
52
51
54
55
53
51
53
54
50
51
51
53
52
53
51
54
53
52
53
54
53
55
52
54
52
52
52
52
53
52
53
53
51
53
53
53
52
54
53
52
54
52
53
54
53
52
54
54
54
54
53
52
55
54
52
53
51
54
54
52
54
53
51
54
54
54
52
51
54
52
52
54
52
53
55
53
54
52
54
53
52
53
53
54
55
54
54
55
54
53
53
51
53
53
53
52
53
52
55
53
52
53
51
53
53
53
53
54
53
54
52
55
53
53
54
55
53
52
52
54
53
53
54
53
52
56
53
51
53
53
55
53
54
55
52
53
53
53
55
53
54
52
53
54
53
52
54
53
54
53
52
53
54
54
52
53
54
53
53
52
54
54
55
53
55
54
54
55
52
52
54
53
53
54
52
54
55
54
53
53
51
54
51
53
53
53
55
55
54
53
54
53
54
55
52
54
53
54
55
56
54
54
51
54
55
57
54
55
54
54
54
55
52
53
54
55
54
52
54
55
54
55
53
54
53
53
54
55
53
54
52
53
55
53
55
54
55
53
52
57
52
56
54
55
53
54
52
55
53
52
55
55
54
56
54
54
53
54
54
53
53
53
55
53
58
54
54
54
55
54
54
55
55
55
54
55
53
53
54
54
55
55
54
55
53
53
53
54
53
52
56
53
56
54
55
54
56
55
54
55
56
53
55
52
54
52
55
53
56
56
54
55
54
55
55
52
53
53
54
54
59
55
56
55
56
55
55
53
54
55
54
55
54
53
53
55
54
54
56
54
55
57
55
54
56
55
54
55
55
55
55
56
56
55
54
54
54
55
55
57
54
55
54
57
54
54
55
54
57
54
56
56
53
55
56
55
55
55
54
53
56
55
55
54
56
53
55
55
54
52
53
56
56
55
54
56
57
54
55
56
56
55
55
55
54
54
57
55
56
57
53
54
55
56
53
54
57
55
54
56
56
54
54
54
55
56
55
56
55
57
56
55
56
57
57
55
53
57
54
55
55
58
55
55
55
57
58
56
53
57
57
54
56
56
55
55
55
55
55
57
55
55
54
56
56
56
56
54
54
55
55
57
57
58
55
57
56
55
56
54
56
56
56
53
55
56
54
56
55
55
56
55
57
56
56
55
56
57
56
55
57
55
56
55
58
55
55
54
53
56
55
56
56
54
55
57
55
54
56
56
55
56
56
57
55
54
56
56
56
57
57
55
55
57
58
55
53
56
55
56
56
58
56
55
55
56
54
56
55
54
56
55
56
55
56
55
55
54
56
55
55
56
55
56
54
54
56
55
56
55
57
54
56
56
57
57
56
56
56
54
55
56
58
56
57
55
56
53
58
54
54
57
55
54
56
56
54
54
56
57
56
54
56
55
55
59
57
56
56
55
55
54
54
57
53
56
58
58
56
56
56
55
57
57
59
54
55
57
55
55
56
55
55
59
53
54
55
54
56
54
55
55
57
58
56
57
56
58
55
57
55
55
55
56
57
57
58
54
56
54
56
55
54
55
57
56
55
58
57
58
54
56
57
56
57
56
56
55
57
54
56
55
57
58
56
57
54
55
54
53
56
56
54
53
56
55
57
56
58
56
54
57
57
57
55
55
54
57
57
56
56
55
56
56
57
55
55
54
57
56
57
55
58
57
53
55
56
55
57
56
57
56
58
56
56
56
57
58
54
54
56
54
55
57
55
56
55
56
57
56
57
57
58
56
57
55
55
58
56
57
55
55
55
55
55
55
56
54
54
56
55
56
56
55
54
54
54
57
55
56
55
55
55
55
55
56
54
56
55
56
56
55
54
55
56
54
55
56
54
56
59
57
54
54
54
56
55
56
54
54
53
55
54
56
55
57
54
55
55
54
55
56
54
57
56
54
56
55
55
56
55
57
56
55
56
55
55
56
55
58
55
54
57
55
56
56
55
54
57
55
57
54
56
56
55
54
54
56
56
55
54
54
57
55
53
56
55
56
56
56
53
54
56
54
55
57
55
54
56
56
55
54
54
56
53
52
56
55
56
54
53
53
55
55
55
55
53
57
56
54
54
56
56
54
57
55
54
56
56
54
54
56
56
57
53
54
56
54
56
55
54
56
55
55
55
56
54
55
55
52
54
55
55
55
53
55
56
56
52
54
55
53
59
54
54
55
55
55
54
55
54
55
55
58
54
52
55
54
54
54
57
54
55
55
54
55
56
54
57
53
57
53
56
56
55
54
54
56
55
53
55
57
53
57
53
53
53
55
55
55
52
53
54
53
56
54
54
54
52
55
54
53
56
54
52
52
53
53
53
54
52
56
53
54
55
54
54
55
54
55
53
52
52
53
53
54
52
56
55
54
53
53
53
54
55
53
53
55
53
53
53
53
54
55
54
54
52
54
55
53
54
55
53
54
53
53
53
52
53
53
53
56
53
53
52
53
52
50
53
53
52
53
52
52
53
53
52
52
51
52
51
53
53
52
54
52
54
52
54
54
54
50
55
53
51
53
53
51
52
52
53
53
53
51
52
53
52
53
54
52
52
54
53
54
52
51
51
53
53
50
51
52
53
53
51
50
50
53
52
51
52
51
52
52
51
52
51
53
50
53
52
51
50
53
53
52
50
52
52
50
52
53
51
51
50
51
52
52
50
50
52
52
52
52
52
53
51
50
50
52
52
52
52
52
53
50
52
51
52
52
51
51
50
52
49
53
52
53
50
52
52
52
51
51
51
51
51
50
50
52
52
52
51
50
52
50
53
53
52
52
51
52
52
50
51
52
53
52
52
51
50
51
50
49
53
52
51
53
53
52
50
51
51
52
50
53
53
52
53
50
49
50
50
52
51
52
52
50
51
51
52
51
51
52
52
50
51
51
49
50
50
52
51
50
51
51
51
52
50
50
52
51
52
52
51
50
49
52
51
50
49
50
52
51
52
51
52
51
50
50
51
51
52
50
52
51
50
52
52
53
49
52
50
50
51
52
49
50
52
51
52
49
54
51
51
50
50
53
51
52
53
50
51
51
51
52
51
52
50
53
51
50
50
52
52
49
51
50
53
52
52
51
51
51
51
51
52
50
49
50
52
53
50
51
51
51
52
48
51
50
50
51
49
50
50
49
50
51
50
50
51
51
51
48
49
50
50
50
49
51
50
50
50
51
50
49
50
49
50
52
49
51
49
49
50
49
50
52
50
51
50
50
51
50
50
50
51
50
50
51
48
50
49
50
51
48
50
49
49
49
50
49
50
49
47
49
50
49
48
48
48
48
48
48
49
48
49
48
50
49
49
47
47
47
47
48
45
47
47
47
47
47
46
48
46
45
45
46
45
45
44
46
44
47
46
46
46
46
46
48
44
46
46
44
46
44
46
45
46
45
44
42
45
44
45
43
45
46
44
45
45
44
44
43
45
44
45
46
44
44
45
43
43
44
43
44
44
43
43
42
42
46
43
43
42
43
44
42
43
44
43
42
43
43
43
44
43
43
42
44
42
44
43
42
44
42
44
43
43
42
43
42
42
42
41
43
41
43
42
40
42
43
41
43
42
40
42
41
44
41
44
44
42
42
42
41
43
40
42
41
42
41
41
44
41
39
42
40
41
42
41
42
42
40
41
42
42
41
41
41
42
41
40
42
41
41
42
42
43
40
41
43
40
42
40
41
40
40
40
43
43
42
41
43
40
39
41
40
42
43
41
43
43
39
40
40
41
43
42
41
41
42
40
39
42
42
41
40
43
42
42
40
41
42
42
41
43
40
42
41
43
41
43
41
42
43
42
44
41
42
42
42
44
41
43
43
44
42
42
44
42
44
42
45
44
44
43
45
43
45
45
45
44
45
45
45
46
44
45
46
44
43
43
45
45
43
45
45
43
45
44
44
45
45
43
45
46
43
44
44
42
46
46
46
45
44
46
45
45
45
45
47
45
45
45
44
45
45
44
45
46
46
44
45
47
48
45
44
45
46
46
47
46
47
47
46
46
46
45
48
48
45
45
45
47
47
47
46
48
46
48
45
46
47
46
46
46
47
48
48
46
48
48
46
48
46
48
48
46
49
48
50
46
47
47
49
47
49
47
49
48
49
48
49
47
49
48
49
49
48
47
49
48
47
48
51
48
48
50
48
50
50
47
46
50
47
48
49
50
49
49
48
48
49
50
49
50
50
48
51
50
48
50
48
50
49
50
50
52
49
52
51
51
51
50
50
51
50
50
49
51
49
48
50
49
51
48
50
52
48
50
49
50
50
49
51
50
52
51
51
52
51
52
51
49
50
50
50
51
51
50
52
52
51
51
51
52
52
52
50
52
52
52
53
52
52
52
50
50
51
50
50
52
53
50
52
52
50
51
52
51
52
52
52
54
50
51
52
53
52
52
51
53
51
52
52
53
54
53
53
51
51
52
52
53
52
52
53
55
52
51
53
51
54
53
52
54
51
51
53
55
53
53
53
52
55
53
54
53
53
53
52
52
55
54
53
52
52
54
54
54
54
54
53
52
53
53
55
52
50
53
54
53
55
53
54
54
51
54
53
54
54
53
55
54
54
55
53
54
52
54
53
54
54
54
55
55
55
55
52
53
53
53
54
56
54
53
55
55
54
54
52
55
53
52
53
56
54
55
55
53
54
55
54
52
56
54
55
54
55
53
54
54
53
55
53
54
55
55
54
55
54
52
55
55
56
53
56
54
54
54
54
54
53
57
55
54
54
56
55
54
56
56
56
56
52
55
53
54
56
57
55
53
53
55
55
55
55
55
56
55
55
56
56
55
55
55
55
56
52
56
54
54
54
56
56
57
53
55
55
56
56
57
55
58
55
56
56
56
57
55
57
54
55
56
54
58
54
57
57
56
57
55
58
55
57
56
56
55
54
55
56
57
57
57
56
58
55
56
55
55
57
55
56
56
55
55
56
56
56
55
56
55
56
56
57
56
56
56
57
55
55
57
57
55
56
58
57
57
56
56
57
55
57
58
58
55
58
57
55
57
55
57
57
58
57
57
56
54
56
56
59
59
57
55
58
56
57
57
56
56
55
57
57
58
55
57
55
56
57
57
57
54
58
55
56
57
58
58
57
56
57
57
56
57
59
56
56
56
58
58
58
58
56
57
58
55
57
58
56
56
56
56
57
56
54
56
57
58
58
59
55
58
57
57
58
56
56
58
58
57
57
56
57
59
57
59
57
57
58
55
58
59
56
57
57
59
57
57
58
57
55
58
56
57
57
58
59
57
56
59
58
59
55
58
58
56
57
56
56
57
57
59
58
58
60
59
58
57
56
57
56
57
59
58
57
56
57
58
58
55
57
57
58
58
59
59
56
57
59
58
57
59
58
57
58
58
58
56
59
58
60
58
59
58
58
57
58
58
59
57
58
60
57
59
58
57
59
61
59
58
57
57
58
59
59
59
57
59
58
58
57
58
59
56
59
60
59
60
58
57
59
56
58
58
57
58
60
59
58
58
60
57
58
57
59
58
60
58
58
57
60
58
57
58
59
59
61
59
59
57
57
59
59
60
61
58
60
58
62
57
59
60
59
58
59
58
60
59
60
57
60
60
60
59
60
62
60
60
61
58
59
59
60
59
61
60
60
57
59
62
60
61
59
59
59
61
59
61
59
59
59
59
61
60
59
59
59
57
61
60
58
60
61
59
61
59
60
59
58
61
60
59
60
58
59
60
60
60
59
59
59
60
61
61
61
61
60
60
61
58
62
60
59
57
60
60
60
58
58
61
60
60
58
60
59
58
60
61
61
60
59
61
60
61
59
62
62
60
60
63
62
60
61
61
60
61
61
59
60
61
59
60
63
60
59
61
61
59
59
61
62
60
60
60
59
61
60
63
61
62
61
61
60
62
60
61
63
61
61
59
63
61
60
60
60
62
61
61
60
59
61
59
63
60
60
62
59
61
60
62
62
61
62
62
60
60
62
62
60
61
61
62
62
60
61
63
59
60
62
61
62
63
58
61
61
61
61
62
61
60
62
61
61
61
62
61
61
62
62
61
62
61
61
62
61
62
60
61
61
62
61
61
62
59
58
59
62
59
63
61
63
61
63
63
62
60
62
61
61
63
62
63
61
63
63
62
60
64
59
63
62
62
62
62
60
62
59
60
61
59
62
62
62
62
61
61
62
62
62
62
60
62
63
61
62
59
62
63
60
62
62
61
61
61
63
62
61
63
60
62
62
63
63
63
63
63
61
63
62
63
62
63
60
62
62
61
62
61
62
64
64
63
62
61
61
63
62
61
61
62
61
61
63
63
63
61
62
61
62
63
60
60
62
62
63
63
61
62
60
61
61
62
61
60
61
63
63
60
63
62
62
63
62
62
63
61
61
62
61
62
62
63
62
60
61
59
60
62
62
61
62
61
60
60
60
62
62
61
61
61
60
61
61
61
63
61
61
63
62
61
61
63
60
60
62
61
59
61
60
60
62
61
62
60
61
64
62
60
59
60
61
62
61
63
61
61
62
60
63
61
61
61
62
63
60
62
61
61
60
61
61
61
61
59
59
61
60
60
59
62
62
60
62
60
61
59
59
60
62
61
59
60
60
61
62
60
60
61
59
59
62
60
59
59
60
60
59
61
61
59
59
59
62
59
60
58
59
59
58
59
60
59
60
58
58
62
60
62
58
59
60
58
59
62
59
62
59
59
60
59
59
60
61
58
59
60
61
60
60
60
58
61
61
59
61
59
61
60
61
61
59
58
60
60
59
60
60
61
58
61
59
60
60
60
59
62
59
59
58
60
57
57
58
58
59
59
59
60
56
60
57
60
56
58
60
60
59
59
58
59
58
60
56
58
59
58
58
58
59
59
59
59
60
59
57
60
59
60
59
58
58
60
59
60
58
58
60
58
59
56
57
58
60
57
58
58
57
60
59
56
61
57
60
58
57
59
57
56
60
56
57
58
57
58
57
57
58
58
59
57
59
59
57
58
59
58
59
58
58
58
58
56
58
58
58
56
58
58
56
58
58
56
57
58
58
57
55
57
58
56
56
57
56
59
55
59
58
58
57
57
56
60
56
57
56
56
56
56
57
56
56
60
56
55
56
59
56
56
58
59
57
58
55
55
55
56
58
56
56
58
58
58
55
55
56
57
59
58
57
56
57
58
57
58
58
57
58
56
57
57
56
56
58
58
57
56
57
55
57
57
57
56
56
56
56
58
57
57
57
57
57
55
54
56
55
55
55
58
57
57
58
54
56
55
59
57
55
57
56
57
57
56
55
56
56
57
58
54
54
54
53
55
52
56
55
54
53
55
54
55
55
56
55
53
54
54
52
53
52
53
56
54
53
55
54
53
53
53
52
52
54
54
55
55
56
54
54
54
56
54
55
53
55
54
55
54
53
56
55
54
54
52
55
54
54
53
56
56
53
53
55
54
55
53
53
54
53
53
55
54
53
54
53
56
52
55
54
53
56
53
55
53
55
54
54
55
55
57
57
53
55
55
54
57
53
54
53
53
53
55
55
53
54
54
55
55
52
54
54
53
54
55
55
54
54
54
55
54
54
56
55
54
54
52
53
53
54
55
51
53
52
54
52
55
53
55
55
52
55
54
53
52
53
52
53
53
53
56
53
55
53
54
53
53
54
54
54
55
55
55
52
53
54
54
53
56
55
55
55
56
55
55
54
54
55
55
52
55
56
54
55
55
53
53
57
54
54
56
56
53
56
54
53
56
53
56
55
57
56
55
55
53
56
54
54
53
56
55
55
54
54
56
56
54
54
53
55
54
54
54
54
53
55
54
54
55
53
53
52
54
52
53
54
54
54
52
55
53
54
52
54
53
54
54
54
53
51
52
54
54
53
55
54
52
54
56
54
55
53
53
53
54
54
54
53
53
53
56
55
53
55
54
54
54
54
53
56
55
55
55
53
53
54
54
55
55
54
54
57
55
55
57
56
55
58
55
56
55
54
55
55
56
56
55
56
57
56
56
56
56
54
57
58
55
57
57
58
57
57
55
55
55
57
56
55
56
59
56
56
56
58
56
58
56
57
58
54
56
59
56
57
58
59
56
56
58
58
58
59
58
58
59
58
56
59
58
59
56
58
57
58
57
59
58
59
58
61
59
58
59
58
59
59
59
58
59
57
57
59
57
59
57
58
61
57
60
58
58
57
58
61
59
61
59
60
59
59
60
59
58
62
58
60
61
60
59
60
60
60
61
59
61
59
61
61
63
62
58
60
60
61
60
59
61
59
60
60
60
60
61
59
59
60
59
62
60
59
60
61
60
60
61
60
60
61
60
59
59
60
59
61
60
61
60
60
60
58
61
59
62
59
62
60
58
63
62
60
59
61
60
58
60
60
61
61
61
58
60
61
58
60
58
61
58
60
60
60
60
60
60
62
62
59
59
59
60
61
62
62
59
62
62
61
61
60
60
61
59
61
58
60
61
60
59
60
60
60
63
60
59
62
61
61
62
61
62
61
60
59
58
60
61
62
63
60
58
60
60
60
62
61
60
61
59
61
60
61
61
61
61
60
60
58
61
60
62
60
59
62
62
61
57
62
59
61
62
59
59
61
63
60
62
62
58
60
62
60
61
60
61
60
60
60
60
60
61
63
62
61
62
60
63
61
60
63
61
59
61
62
60
62
59
61
60
61
63
62
62
61
62
60
63
60
62
62
62
61
61
63
62
62
63
60
61
63
62
63
62
63
63
62
62
61
61
62
64
63
63
62
60
61
63
61
65
63
64
64
63
62
63
66
62
60
61
62
65
63
65
63
64
64
63
62
65
61
63
62
63
63
64
64
63
63
62
65
65
63
62
66
65
63
62
65
64
66
63
63
63
64
62
65
63
64
65
63
65
62
65
64
63
64
64
63
64
63
66
64
65
65
62
66
67
64
64
65
64
66
64
62
64
66
66
66
65
64
64
66
64
64
65
65
64
66
65
65
64
65
66
64
65
66
67
62
64
65
65
64
65
67
66
68
65
62
63
65
65
66
65
64
64
67
65
64
65
65
66
64
67
64
67
67
67
67
65
65
67
66
66
64
67
67
67
66
65
66
65
67
67
67
66
68
66
65
67
66
68
68
66
68
67
65
68
69
68
67
67
68
67
70
68
68
67
66
66
69
69
69
66
67
69
68
67
67
67
65
68
68
67
69
70
67
67
69
67
66
69
68
67
68
68
69
68
69
66
69
66
67
67
67
69
69
67
69
68
70
68
67
66
69
68
67
66
67
69
68
69
68
68
67
67
69
70
69
69
70
70
69
67
68
69
70
68
66
66
67
69
69
68
70
68
71
69
70
68
70
68
70
69
69
68
68
67
71
68
69
67
67
65
69
67
69
66
69
67
68
69
66
69
68
67
68
67
67
66
67
66
68
68
68
65
65
68
66
68
68
66
66
64
66
65
69
67
68
67
66
64
67
65
66
65
67
65
67
65
65
66
65
67
67
66
66
65
68
66
65
67
66
66
65
65
67
65
67
64
64
65
64
67
66
64
65
65
64
65
64
66
64
66
65
64
65
67
64
67
65
65
65
64
64
63
66
65
65
64
62
64
63
66
64
65
64
66
64
63
64
66
65
64
65
64
66
64
64
65
65
66
66
64
67
65
64
62
65
68
64
66
64
66
65
66
66
65
67
68
66
67
65
66
66
66
66
65
64
65
68
65
67
64
66
67
64
66
67
67
67
67
66
64
64
67
66
66
67
64
67
66
64
66
64
66
64
66
66
66
68
67
65
64
65
64
67
64
64
64
64
65
64
64
65
66
65
64
67
64
65
65
64
64
66
65
64
63
64
63
64
66
63
64
63
65
65
66
62
63
64
64
63
64
63
63
65
65
65
65
63
64
64
64
64
64
64
62
64
63
64
63
63
61
64
63
64
63
64
64
63
63
64
65
64
65
64
62
64
63
65
63
66
65
60
63
62
63
64
63
64
64
63
64
63
64
65
64
62
65
65
62
62
64
64
62
63
62
62
65
64
63
61
62
63
63
62
65
64
64
64
61
62
60
63
0 0

11:41 63
11:42 62
11:42 63
11:42 61
11:42 62
11:42 63
11:43 63
11:43 62
11:43 61
11:43 64
11:44 62
11:44 62
11:44 62
11:44 61
11:45 62
11:45 62
11:45 62
11:45 61
11:45 65
11:46 64
11:46 62
11:46 62
11:46 62
11:47 62
11:47 64
11:47 63
11:47 62
11:47 63
11:48 63
11:48 62
11:48 63
11:48 62
11:48 61
11:49 62
11:49 61
11:49 64
11:49 63
11:50 62
11:50 63
11:50 62
11:50 62
11:50 62
11:51 62
11:51 62
11:51 62
11:51 62
11:52 62
11:52 63
11:52 61
11:52 64
11:53 61
11:53 63
11:53 64
11:53 64
11:53 61
11:54 62
11:54 64
11:54 60
11:54 61
11:55 61
11:55 62
11:55 63
11:55 61
11:56 64
11:56 63
11:56 63
11:56 62
11:57 63
11:57 62
11:57 61
11:57 61
11:57 61
11:58 61
11:58 62
11:58 62
11:58 62
11:59 62
11:59 61
11:59 61
11:59 62
12:00 64
12:00 63
12:00 64
12:01 63
12:01 61
12:01 60
12:01 62
12:02 60
12:02 62
12:02 62
12:02 62
12:03 62
12:03 60
12:03 61
12:03 61
12:04 60
12:04 62
12:04 64
12:05 61
12:05 62
12:05 63
12:05 63
12:06 61
12:06 64
12:06 64
12:06 64
12:07 62
12:07 63
12:07 63
12:07 62
12:08 60
12:08 63
12:08 62
12:08 63
12:09 62
12:09 62
12:09 60
12:09 64
12:10 64
12:10 63
12:10 60
12:10 62
12:11 63
12:11 62
12:11 62
12:11 63
12:12 63
12:12 62
12:12 63
12:12 63
12:13 62
12:13 61
12:13 61
12:14 60
12:14 60
12:14 64
12:15 62
12:15 63
12:15 65
12:15 64
12:16 62
12:16 63
12:16 62
12:16 60
12:17 63
12:17 63
12:17 62
12:18 63
12:18 61
12:18 60
12:18 64
12:19 62
12:19 63
12:19 61
12:19 61
12:20 63
12:20 61
12:20 62
12:21 61
12:21 62
12:21 62
12:21 65
12:22 61
12:22 62
12:22 62
12:23 61
12:23 62
12:23 63
12:24 63
12:24 64
12:24 63
12:25 62
12:25 63
12:25 64
12:26 61
12:26 63
12:26 61
12:27 61
12:27 63
12:27 63
12:28 61
12:28 64
12:28 61
12:29 61
12:29 63
12:29 63
12:29 61
12:30 64
12:30 64
12:30 61
12:31 62
12:31 60
12:31 62
12:32 61
12:32 62
12:32 63
12:33 61
12:33 63
12:34 62
12:34 63
12:34 64
12:34 62
12:35 64
12:35 63
12:36 63
12:36 61
12:36 63
12:36 63
12:37 65
12:37 63
12:37 63
12:38 62
12:38 62
12:38 62
12:39 61
12:39 64
12:39 62
12:40 62
12:40 62
12:40 64
12:40 63
12:41 65
12:41 63
12:41 64
12:42 64
12:42 65
12:42 61
12:43 61
12:43 64
12:43 62
12:43 64
12:44 61
12:44 62
12:44 63
12:45 60
12:45 61
12:45 62
12:46 65
12:46 63
12:46 62
12:47 61
12:47 61
12:47 62
12:48 61
12:48 61
12:48 63
12:49 66
12:49 61
12:49 62
12:49 62
12:50 63
12:50 62
12:50 62
12:51 63
12:51 65
12:51 64
12:52 60
12:52 62
12:52 63
12:53 62
12:53 63
12:54 62
12:54 63
12:54 60
12:55 63
12:55 64
12:55 62
12:55 62
12:56 62
12:56 64
12:56 61
12:57 65
12:57 62
12:57 64
12:58 60
12:58 61
12:59 62
12:59 62
12:59 63
12:59 63
13:00 63
13:00 63
13:01 60
13:01 65
13:01 63
13:02 63
13:02 63
13:02 63
13:03 64
13:03 63
13:03 64
13:04 62
13:04 64
13:04 63
13:05 64
13:05 61
13:05 64
13:06 63
13:06 64
13:06 62
13:07 63
13:07 63
13:07 65
13:08 60
13:08 61
13:08 62
13:09 62
13:09 62
13:09 60
13:10 63
13:10 60
13:11 65
13:11 62
13:11 61
13:12 60
13:12 61
13:13 64
13:13 62
13:13 62
13:14 62
13:14 62
13:14 62
13:15 61
13:15 62
13:15 63
13:16 63
13:16 60
13:17 60
13:17 62
13:17 62
13:18 62
13:18 62
13:18 64
13:19 63
13:19 64
13:20 63
13:20 64
13:20 62
13:21 63
13:21 63
13:21 62
13:22 62
13:22 63
13:22 63
13:23 62
13:23 63
13:23 63
13:24 61
13:24 66
13:25 63
13:25 63
13:25 62
13:26 61
13:26 61
13:26 64
13:27 62
13:27 62
13:28 62
13:28 64
13:28 63
13:29 63
13:29 63
13:29 65
13:30 63
13:30 60
13:31 62
13:31 63
13:31 64
13:32 63
13:32 63
13:33 63
13:33 62
13:34 63
13:34 63
13:34 62
13:35 63
13:35 66
13:35 62
13:36 63
13:36 63
13:37 63
13:37 63
13:37 62
13:38 62
13:38 62
13:39 61
13:39 62
13:39 63
13:40 61
13:40 61
13:40 64
13:41 61
13:42 64
13:42 63
13:42 63
13:43 60
13:43 64
13:44 63
13:44 63
13:44 61
13:45 62
13:45 60
13:46 63
13:46 66
13:46 62
13:47 61
13:48 62
13:48 62
13:48 64
13:49 61
13:49 61
13:50 63
13:50 64
13:51 64
13:51 63
13:51 64
13:52 61
13:52 63
13:53 62
13:53 63
13:53 64
13:54 65
13:54 61
13:55 62
13:55 66
13:56 64
13:56 62
13:57 62
13:57 63
13:57 65
13:58 62
13:58 64
13:59 62
13:59 62
13:59 63
14:00 63
14:00 64
14:01 65
14:01 65
14:01 66
14:02 63
14:02 66
14:03 61
14:03 62
14:04 62
14:04 62
14:04 62
14:05 64
14:05 63
14:06 65
14:06 64
14:06 63
14:07 62
14:07 62
14:08 63
14:08 60
14:09 63
14:09 64
14:09 65
14:10 64
14:10 64
14:11 63
14:11 60
14:12 62
14:12 60
14:12 64
14:13 60
14:13 63
14:14 63
14:14 63
14:15 61
14:15 61
14:15 60
14:16 62
14:16 62
14:17 63
14:17 63
14:18 65
14:18 62
14:19 62
14:19 60
14:19 63
14:20 63
14:21 63
14:21 61
14:21 63
14:22 63
14:23 64
14:23 62
14:23 64
14:24 61
14:24 63
14:25 60
14:25 62
14:26 63
14:26 60
14:27 65
14:27 61
14:28 63
14:28 62
14:29 61
14:29 62
14:30 59
14:30 59
14:30 58
14:31 62
14:31 61
14:32 60
14:32 59
14:33 62
14:33 61
14:34 61
14:34 59
14:34 60
14:35 59
14:35 59
14:36 60
14:36 61
14:37 59
14:37 62
14:38 61
14:38 62
14:39 60
14:39 61
14:39 61
14:40 59
14:40 62
14:41 60
14:41 59
14:42 58
14:42 60
14:43 59
14:44 62
14:44 63
14:45 59
14:45 62
14:46 61
14:46 61
14:47 61
14:47 60
14:47 59
14:48 61
14:48 63
14:49 60
14:49 59
14:50 58
14:50 59
14:51 61
14:51 61
14:52 60
14:52 59
14:53 59
14:53 61
14:54 62
14:54 58
14:55 62
14:55 60
14:56 58
14:56 59
14:57 59
14:57 60
14:58 61
14:58 61
14:58 61
14:59 60
14:59 62
15:00 61
15:00 61
15:01 59
15:01 60
15:02 62
15:02 62
15:03 63
15:03 61
15:04 61
15:04 60
15:05 63
15:05 59
15:06 62
15:06 59
15:07 60
15:07 62
15:08 62
15:08 59
15:09 60
15:09 60
15:10 59
15:10 61
15:11 60
15:11 61
15:12 61
15:12 60
15:13 61
15:13 60
15:14 60
15:14 59
15:15 61
15:15 62
15:16 60
15:16 61
15:17 61
15:17 62
15:18 61
15:18 60
15:19 61
15:19 61
15:20 60
15:20 62
15:21 60
15:21 63
15:22 60
15:22 59
15:23 62
15:23 63
15:24 62
15:24 62
15:25 59
15:25 62
15:26 62
15:26 61
15:27 62
15:27 60
15:28 61
15:28 62
15:29 59
15:30 63
15:30 61
15:31 61
15:31 60
15:32 62
15:32 61
15:33 62
15:33 60
15:34 62
15:34 61
15:35 63
15:35 61
15:36 61
15:37 60
15:37 59
15:38 60
15:38 60
15:39 61
15:39 59
15:40 62
15:40 60
15:41 62
15:41 61
15:42 60
15:42 63
15:43 64
15:43 60
15:44 61
15:45 61
15:45 61
15:46 62
15:46 62
15:47 62
15:47 59
15:48 63
15:49 63
15:49 63
15:50 63
15:50 61
15:51 60
15:51 61
15:52 62
15:52 64
15:53 63
15:53 62
15:54 62
15:55 62
15:55 62
15:56 61
15:56 60
15:57 61
15:57 61
15:58 62
15:58 62
15:59 60
15:59 64
16:00 64
16:01 63
16:01 61
16:02 64
16:02 62
16:03 63
16:03 62
16:04 62
16:04 65
16:05 63
16:06 64
16:06 63
16:07 63
16:07 65
16:08 64
16:08 61
16:09 63
16:10 62
16:10 62
16:11 63
16:11 63
16:12 60
16:12 63
16:13 62
16:14 62
16:14 65
16:15 64
16:15 62
16:16 63
16:16 63
16:17 64
16:18 63
16:18 63
16:19 62
16:19 64
16:20 62
16:20 63
16:21 64
16:22 63
16:22 62
16:23 63
16:23 65
16:24 65
16:24 63
16:25 64
16:26 63
16:26 60
16:27 60
16:27 63
16:28 64
16:28 64
16:29 66
16:30 63
16:30 63
16:31 62
16:31 66
16:32 64
16:33 64
16:33 65
16:34 62
16:34 63
16:35 65
16:36 63
16:36 63
16:37 66
16:37 63
16:38 61
16:38 66
16:39 64
16:40 63
16:40 65
16:41 62
16:41 65
16:42 65
16:43 63
16:43 65
16:44 62
16:44 63
16:45 64
16:46 65
16:46 66
16:47 65
16:47 65
16:48 63
16:49 66
16:49 67
16:50 64
16:50 65
16:51 64
16:52 63
16:52 65
16:53 66
16:53 66
16:54 65
16:55 65
16:55 64
16:56 67
16:57 64
16:57 63
16:58 65
16:59 66
16:59 63
17:00 65
17:00 66
17:01 67
17:02 67
17:02 64
17:03 65
17:04 65
17:04 65
17:05 65
17:05 64
17:06 66
17:07 62
17:07 65
17:08 63
17:09 64
17:09 64
17:10 64
17:10 66
17:11 64
17:12 65
17:12 63
17:13 63
17:14 64
17:14 64
17:15 67
17:15 65
17:16 64
17:17 64
17:17 66
17:18 64
17:19 63
17:19 61
17:20 63
17:20 65
17:21 63
17:22 64
17:22 63
17:23 64
17:24 64
17:24 63
17:25 62
17:26 64
17:26 64
17:27 66
17:28 64
17:28 64
17:29 62
17:30 63
17:30 63
17:31 65
17:31 63
17:32 65
17:33 65
17:33 65
17:34 63
17:35 65
17:35 61
17:36 62
17:37 62
17:37 65
17:38 62
17:39 63
17:39 63
17:40 62
17:41 63
17:41 64
17:42 62
17:43 65
17:43 64
17:44 64
17:45 63
17:45 63
17:46 64
17:47 64
17:47 65
17:48 64
17:49 62
17:49 64
17:50 62
17:51 64
17:52 63
17:52 65
17:53 63
17:53 63
17:54 65
17:55 63
17:56 65
17:56 63
17:57 64
17:58 63
17:58 63
17:59 61
18:00 64
18:00 64
18:01 63
18:02 65
18:02 62
18:03 62
18:04 62
18:04 64
18:05 63
18:06 64
18:06 63
18:07 63
18:08 64
18:08 63
18:09 62
18:10 64
18:11 64
18:11 62
18:12 64
18:13 66
18:13 66
18:14 63
18:15 65
18:15 64
18:16 62
18:17 64
18:17 63
18:18 63
18:19 64
18:19 63
18:20 63
18:21 61
18:22 62
18:22 63
18:23 63
18:24 63
18:24 64
18:25 62
18:26 62
18:26 64
18:27 65
18:28 64
18:29 64
18:29 65
18:30 65
18:31 66
18:31 62
18:32 63
18:33 64
18:34 64
18:34 64
18:35 64
18:36 64
18:36 65
18:37 61
18:38 63
18:39 65
18:39 62
18:40 65
18:41 64
18:41 66
18:42 64
18:43 63
18:44 64
18:44 66
18:45 65
18:46 65
18:46 66
18:47 64
18:48 64
18:49 63
18:49 63
18:50 64
18:51 66
18:52 66
18:52 62
18:53 65
18:54 65
18:54 65
18:55 64
18:56 66
18:57 63
18:57 64
18:58 65
18:59 65
19:00 63
19:00 66
19:01 66
19:02 64
19:03 65
19:03 63
19:04 65
19:05 66
19:06 64
19:06 66
19:07 65
19:08 64
19:08 66
19:09 64
19:10 65
19:11 68
19:12 64
19:12 66
19:13 64
19:14 63
19:14 66
19:15 66
19:16 66
19:17 66
19:17 65
19:18 64
19:19 64
19:20 63
19:20 63
19:21 64
19:22 67
19:23 67
19:24 63
19:24 65
19:25 64
19:26 67
19:27 63
19:27 66
19:28 65
19:29 67
19:30 65
19:30 65
19:31 66
19:32 64
19:33 64
19:34 66
19:35 64
19:35 67
19:36 68
19:37 66
19:38 66
19:39 67
19:39 64
19:40 69
19:41 67
19:42 68
19:42 67
19:43 66
19:44 65
19:45 65
19:46 65
19:46 64
19:47 66
19:48 65
19:49 65
19:50 67
19:50 65
19:51 68
19:52 66
19:53 65
19:54 66
19:54 64
19:55 65
19:56 68
19:57 65
19:58 66
19:58 66
19:59 67
20:00 65
20:01 67
20:02 65
20:02 66
20:03 65
20:04 64
20:05 67
20:06 66
20:07 64
20:07 65
20:08 65
20:09 67
20:10 69
20:11 66
20:12 66
20:12 65
20:13 67
20:14 64
20:15 68
20:15 64
20:16 64
20:17 67
20:18 65
20:19 65
20:20 68
20:20 66
20:21 65
20:22 66
20:23 67
20:24 67
20:24 68
20:25 66
20:26 66
20:27 68
20:28 66
20:28 67
20:29 67
20:30 64
20:31 67
20:32 66
20:33 67
20:33 65
20:34 66
20:35 65
20:36 67
20:37 67
20:37 67
20:38 64
20:39 69
20:40 69
20:41 66
20:42 68
20:42 65
20:43 66
20:44 68
20:45 67
20:46 68
20:47 67
20:47 66
20:48 66
20:49 65
20:50 67
20:51 69
20:52 66
20:52 67
20:53 68
20:54 67
20:55 67
20:56 68
20:57 68
20:57 67
20:58 66
20:59 67
21:00 67
21:01 68
21:02 69
21:03 70
21:03 67
21:04 65
21:05 67
21:06 67
21:07 65
21:08 67
21:09 65
21:09 64
21:10 66
21:11 68
21:12 68
21:13 64
21:14 64
21:15 69
21:15 67
21:16 67
21:17 65
21:18 69
21:19 68
21:20 65
21:21 66
21:21 67
21:22 67
21:23 68
21:24 67
21:25 68
21:26 67
21:27 69
21:28 65
21:28 68
21:29 69
21:30 67
21:31 66
21:32 67
21:33 68
21:34 68
21:35 66
21:35 67
21:36 67
21:37 66
21:38 67
21:39 68
21:40 69
21:41 67
21:42 65
21:43 67
21:44 66
21:45 68
21:46 67
21:46 68
21:47 67
21:48 66
21:49 68
21:50 67
21:51 66
21:52 68
21:53 66
21:54 67
21:54 66
21:55 68
21:56 68
21:57 67
21:58 68
21:59 67
22:00 68
22:01 69
22:02 68
22:03 65
22:04 67
22:05 66
22:05 68
22:06 67
22:07 68
22:08 68
22:09 69
22:10 67
22:11 64
22:12 69
22:13 68
22:14 65
22:15 68
22:16 67
22:17 67
22:17 68
22:18 68
22:19 66
22:20 69
22:21 69
22:22 66
22:23 68
22:24 66
22:25 65
22:26 65
22:26 65
22:27 69
22:28 67
22:29 68
22:30 65
22:31 66
22:32 65
22:33 68
22:34 65
22:35 69
22:36 66
22:37 69
22:38 68
22:38 66
22:39 66
22:40 68
22:41 67
22:42 67
22:43 65
22:44 68
22:45 67
22:46 67
22:47 66
22:48 68
22:49 67
22:50 67
22:51 65
22:52 67
22:52 69
22:53 66
22:54 68
22:55 65
22:56 67
22:57 66
22:58 67
22:59 68
23:00 67
23:01 65
23:02 66
23:03 67
23:04 70
23:05 67
23:06 67
23:07 68
23:08 67
23:09 67
23:10 64
23:11 66
23:12 66
23:13 67
23:13 66
23:14 68
23:15 66
23:16 68
23:17 69
23:18 68
23:19 66
23:20 65
23:21 68
23:22 67
23:23 69
23:24 69
23:25 68
23:26 67
23:27 68
23:28 69
23:29 66
23:30 68
23:31 69
23:32 68
23:33 65
23:34 65
23:35 64
23:36 68
23:37 64
23:38 68
23:39 67
23:40 68
23:41 67
23:42 69
23:43 67
23:44 69
23:45 68
23:46 68
23:47 67
23:48 69
23:49 68
23:50 66
23:51 69
23:52 70
23:53 69
23:54 70
23:55 69
23:56 69
23:57 68
23:58 68
23:59 67
00:00 69
00:01 68
00:02 68
00:03 70
00:04 68
00:05 68
00:06 68
00:07 68
00:08 69
00:09 70
00:10 68
00:11 67
00:12 66
00:13 70
00:14 70
00:15 71
00:16 69
00:17 70
00:18 70
00:19 69
00:20 71
00:21 69
00:22 70
00:23 68
00:24 67
00:25 68
00:26 68
00:27 70
00:28 68
00:29 70
00:30 69
00:31 67
00:32 70
00:33 68
00:34 70
00:35 68
00:36 71
00:37 69
00:38 69
00:39 68
00:40 68
00:41 70
00:42 68
00:43 71
00:44 70
00:45 68
00:46 68
00:47 68
00:48 68
00:49 69
00:50 70
00:51 69
00:52 68
00:53 68
00:54 67
00:55 69
00:56 70
00:57 69
00:58 69
00:59 68
01:00 69
01:01 69
01:02 71
01:03 68
01:04 69
01:05 70
01:06 67
01:07 71
01:08 70
01:09 69
01:10 70
01:11 69
01:12 70
01:13 69
01:14 71
01:15 71
01:16 68
01:17 70
01:18 70
01:19 69
01:20 70
01:21 69
01:22 69
01:24 68
01:25 69
01:26 71
01:27 69
01:28 70
01:29 70
01:30 70
01:31 67
01:32 69
01:33 68
01:34 69
01:35 68
01:36 66
01:37 70
01:38 70
01:39 68
01:40 69
01:41 69
01:42 70
01:43 71
01:44 68
01:45 69
01:46 70
01:47 71
01:49 71
01:50 68
01:51 71
01:52 68
01:53 66
01:54 70
01:55 71
01:56 69
01:57 69
01:58 71
01:59 69
02:00 70
02:01 71
02:02 71
02:03 67
02:04 70
02:05 71
02:06 71
02:08 70
02:09 67
02:10 71
02:11 70
02:12 68
02:13 69
02:14 70
02:15 70
02:16 68
02:17 69
02:18 68
02:19 67
02:20 68
02:21 69
02:22 66
02:24 68
02:25 68
02:26 68
02:27 66
02:28 70
02:29 68
02:30 70
02:31 68
02:32 68
02:33 67
02:34 69
02:35 70
02:36 67
02:38 70
02:39 69
02:40 68
02:41 69
02:42 68
02:43 72
02:44 70
02:45 69
02:46 67
02:48 66
02:49 68
02:50 70
02:51 67
02:52 67
02:53 67
02:54 70
02:56 68
02:57 66
02:58 66
02:59 68
03:00 69
03:01 68
03:02 69
03:03 67
03:05 67
03:06 68
03:07 67
03:08 68
03:09 68
03:10 67
03:11 68
03:12 71
03:14 68
03:15 68
03:16 69
03:17 67
03:18 71
03:19 68
03:20 68
03:21 69
03:23 71
03:24 67
03:25 68
03:26 68
03:27 70
03:28 67
03:29 68
03:30 69
03:32 67
03:33 67
03:34 66
03:35 68
03:36 69
03:37 67
03:38 67
03:39 68
03:41 69
03:42 68
03:43 67
03:44 67
03:45 71
03:46 70
03:48 70
03:49 70
03:50 67
03:51 69
03:52 68
03:53 69
03:54 68
03:56 68
03:57 71
03:58 66
03:59 69
04:00 69
04:01 66
04:03 69
04:04 71
04:05 67
04:06 69
04:07 67
04:09 70
04:10 68
04:11 71
04:12 69
04:13 68
04:14 67
04:15 68
04:17 68
04:18 68
04:19 68
04:20 68
04:21 68
04:22 68
04:24 69
04:25 69
04:26 68
04:27 69
04:28 70
04:29 67
04:30 68
04:32 69
04:33 70
04:34 72
04:35 67
04:36 71
04:38 69
04:39 71
04:40 68
04:41 68
04:42 68
04:43 68
04:45 69
04:46 69
04:47 69
04:48 70
04:50 71
04:51 68
04:52 70
04:53 70
04:54 69
04:56 69
04:57 69
04:58 69
04:59 70
05:00 70
05:02 70
05:03 69
05:04 70
05:05 72
05:07 68
05:08 71
05:09 69
05:10 70
05:11 68
05:13 69
05:14 68
05:15 69
05:16 70
05:17 71
05:19 69
05:20 70
05:21 69
05:22 71
05:23 70
05:25 69
05:26 68
05:27 70
05:28 70
05:29 72
05:31 71
05:32 70
05:33 70
05:34 70
05:35 68
05:37 69
05:38 66
05:39 71
05:40 71
05:41 70
05:43 70
05:44 70
05:45 71
05:46 70
05:47 71
05:49 70
05:50 69
05:51 70
05:52 70
05:54 71
05:55 69
05:56 69
05:57 67
05:59 71
06:00 70
06:01 69
06:02 68
06:03 67
06:05 67
06:06 72
06:07 70
06:08 69
06:10 68
06:11 67
06:12 67
06:13 69
06:15 68
06:16 68
06:17 68
06:18 68
06:20 69
06:21 66
06:22 68
06:23 70
06:24 67
06:26 66
06:27 70
06:28 70
06:29 68
06:31 68
06:32 69
06:33 69
06:34 69
06:36 69
06:37 66
06:38 68
06:40 69
06:41 69
06:42 67
06:43 68
06:45 70
06:46 69
06:47 68
06:48 68
06:50 67
06:51 68
06:52 67
06:53 68
06:55 68
06:56 69
06:57 70
06:58 68
07:00 69
07:01 69
07:02 69
07:03 66
07:05 67
07:06 69
07:07 72
07:09 69
07:10 69
07:11 69
07:12 68
07:14 70
07:15 69
07:16 69
07:17 69
07:19 66
07:20 70
07:21 68
07:23 67
07:24 69
07:25 66
07:26 70
07:28 69
07:29 68
07:31 70
07:32 69
07:33 68
07:34 70
07:36 71
07:37 70
07:38 72
07:40 68
07:41 70
07:42 72
07:44 69
07:45 68
07:46 71
07:48 69
07:49 67
07:50 68
07:52 67
07:53 67
07:54 68
07:56 67
07:57 69
07:58 68
08:00 67
08:01 68
08:02 71
08:04 69
08:05 69
08:06 68
08:08 68
08:09 69
08:10 70
08:12 68
08:13 68
08:14 66
08:16 68
08:17 69
08:18 67
08:20 68
08:21 69
08:22 68
08:24 67
08:25 71
08:26 68
08:28 70
08:29 68
08:30 69
08:32 71
08:33 70
08:34 70
08:36 71
08:37 68
08:39 70
08:40 70
08:41 71
08:43 70
08:44 68
08:45 70
08:47 70
08:48 69
08:49 68
08:51 69
08:52 70
08:54 71
08:55 72
08:56 72
08:58 71
08:59 70
09:00 68
09:02 71
09:03 72
09:04 71
09:06 70
09:07 69
09:09 69
09:10 68
09:11 71
09:13 70
09:14 74
09:16 72
09:17 73
09:18 71
09:20 68
09:21 71
09:22 70
09:24 71
09:25 71
09:27 74
09:28 69
09:30 73
09:31 69
09:32 70
09:34 73
09:35 70
09:37 72
09:38 69
09:39 68
09:41 69
09:42 69
09:44 69
09:45 73
09:46 69
09:48 69
09:49 69
09:51 69
09:52 67
09:53 70
09:55 69
09:56 69
09:58 71
09:59 68
10:00 70
10:02 67
10:03 71
10:05 67
10:06 68
10:07 69
10:09 68
10:10 67
10:12 70
10:13 69
10:14 70
10:16 70
10:17 67
10:19 67
10:20 66
10:21 70
10:23 71
10:24 69
10:26 68
10:27 70
10:28 66
10:30 68
10:31 69
10:33 68
10:34 68
10:36 69
10:37 70
10:38 67
10:40 70
10:41 66
10:43 69
10:44 67
10:45 68
10:47 71
10:48 69
10:50 68
10:51 71
10:53 67
10:54 69
10:55 68
10:57 69
10:58 68
11:00 69
11:01 68
11:03 70
11:04 65
11:06 70
11:07 70
11:09 68
11:10 69
11:11 69
11:13 69
11:14 68
11:16 67
11:17 67
11:19 70
11:20 69
11:22 70
11:23 66
11:25 70
11:26 67
11:28 67
11:29 66
11:31 70
11:32 67
11:34 67
11:35 67
11:36 70
11:38 68
11:39 68
11:41 67
11:42 69
11:44 67
11:45 70
11:47 67
11:48 68
11:50 67
11:51 67
11:53 69
11:54 67
11:55 69
12:28 70
12:32 70
12:36 66
12:39 68
12:43 68
12:56 69
12:58 68
12:59 68
13:01 67
13:03 68
13:05 66
13:07 66
13:09 66
13:11 67
13:13 69
13:15 68
13:16 68
13:18 67
13:20 67
13:22 69
13:24 67
13:26 66
13:28 68
13:30 68
13:32 67
13:34 69
13:36 67
13:37 66
13:39 65
13:41 68
13:43 67
13:45 67
13:47 69
13:49 68
13:51 66
13:53 67
13:55 65
13:57 67
13:59 67
14:01 67
14:03 67
14:05 65
14:07 65
14:09 66
14:10 66
14:12 67
14:14 65
14:16 66
14:18 66
14:20 65
14:22 68
14:24 67
14:26 67
14:28 65
14:30 66
14:32 66
14:34 69
14:36 66
14:38 69
14:40 66
14:42 69
14:44 69
14:46 68
14:48 68
14:50 66
14:52 67
14:54 66
14:56 65
14:58 68
15:00 69
15:02 69
15:04 68
15:07 67
15:09 68
15:11 67
15:13 69
15:15 71
15:17 71
15:19 69
15:21 69
15:23 68
15:25 69
15:27 67
15:29 68
15:31 71
15:33 70
15:35 68
15:37 69
15:40 68
15:42 71
15:44 72
15:46 70
15:48 71
15:50 72
15:52 71
15:54 68
15:56 70
15:58 71
16:00 72
16:02 69
16:04 70
16:07 69
16:09 70
16:11 72
16:13 69
16:15 70
16:17 73
16:19 70
16:22 69
16:24 71
16:26 68
16:28 68
16:30 71
16:32 71
16:34 72
16:37 68
16:39 70
16:41 72
16:43 72
16:45 74
16:47 71
16:49 73
16:52 73
16:54 73
16:56 70
16:58 75
17:00 73
17:02 72
17:05 72
17:07 72
17:09 71
17:11 71
17:13 74
17:15 72
17:17 73
17:20 70
17:22 74
17:24 74
17:26 74
17:28 72
17:30 73
17:32 74
17:34 76
17:37 74
17:39 74
17:41 73
17:43 73
17:45 72
17:47 75
17:49 72
17:52 75
17:54 75
17:56 72
17:58 73
18:00 74
18:02 76
18:05 73
18:07 75
18:09 72
18:11 73
18:13 75
18:15 72
18:18 73
18:20 74
18:22 74
18:24 73
18:26 73
18:28 68
18:31 71
18:33 71
18:35 70
18:37 72
18:39 70
18:42 70
18:44 70
18:46 72
18:48 68
18:50 70
18:53 68
18:55 71
18:57 67
18:59 69
19:01 69
19:04 69
19:06 67
19:08 72
19:10 68
19:13 69
19:15 70
19:17 69
19:19 71
19:21 68
19:24 67
19:26 69
19:28 70
19:30 68
19:33 69
19:35 70
19:37 68
19:39 69
19:42 71
19:44 69
19:46 71
19:48 67
19:51 66
19:53 70
19:55 69
19:57 71
20:00 72
20:02 70
20:04 68
20:06 71
20:09 71
20:11 69
20:13 69
20:16 68
20:18 70
20:20 70
20:22 70
20:25 71
20:27 71
20:29 69
20:32 71
20:34 70
20:36 71
20:38 69
20:41 68
20:43 69
20:45 70
20:47 72
20:50 71
20:52 71
20:54 69
20:57 70
20:59 68
21:01 70
21:04 71
21:06 69
21:08 70
21:11 70
21:13 71
21:15 72
21:17 69
21:20 71
21:22 71
21:24 72
21:27 70
21:29 69
21:31 70
21:34 69
21:36 68
21:38 72
21:41 69
21:43 69
21:45 70
21:48 72
21:50 73
21:52 68
21:55 72
21:57 70
21:59 71
22:02 71
22:04 72
22:06 70
22:09 73
22:11 74
22:14 71
22:16 70
22:19 73
22:21 72
22:23 73
22:26 71
22:28 69
22:31 73
22:33 71
22:36 71
22:38 73
22:41 72
22:43 73
22:46 72
22:48 72
22:51 74
22:53 72
22:55 72
22:58 72
23:00 75
23:03 73
23:05 73
23:07 74
23:10 75
23:12 73
23:15 74
23:17 73
23:20 75
23:22 76
23:24 74
23:27 72
23:29 76
23:32 75
23:34 75
23:37 74
23:39 76
23:41 76
23:44 74
23:46 75
23:49 74
23:51 77
23:54 73
23:56 76
23:59 72
00:01 77
00:04 75
00:06 77
00:09 75
00:11 74
00:14 77
00:16 76
00:19 76
00:22 75
00:24 75
00:27 75
00:29 74
00:32 76
00:34 76
00:37 75
00:39 76
00:42 77
00:44 74
00:47 74
00:49 77
00:52 79
00:54 75
00:57 76
01:00 76
01:02 78
01:05 75
01:07 76
01:10 77
01:12 76
01:15 78
01:17 78
01:20 78
01:22 74
01:25 77
01:27 78
01:30 78
01:33 78
01:35 75
01:38 79
01:40 76
01:43 76
01:45 77
01:48 78
01:51 76
01:53 77
01:56 78
01:58 78
02:01 77
02:04 79
02:06 81
02:09 77
02:11 77
02:14 79
02:17 77
02:19 77
02:22 79
02:25 80
02:27 77
02:30 77
02:32 77
02:35 78
02:38 79
02:40 79
02:43 77
02:45 78
02:48 78
02:51 80
02:53 78
02:56 80
02:58 79
03:01 78
03:04 78
03:06 80
03:09 79
03:11 77
03:14 80
03:17 81
03:19 79
03:22 78
03:24 78
03:27 79
03:30 80
03:32 78
03:35 79
03:38 81
03:40 81
03:43 78
03:46 78
03:48 83
03:51 79
03:53 80
03:56 81
03:59 80
04:01 77
04:04 78
04:07 77
04:09 80
04:12 81
04:15 79
04:17 78
04:20 80
04:23 80
04:25 79
04:28 77
04:31 79
04:33 79
04:36 76
04:39 77
04:41 76
04:44 78
04:46 78
04:49 79
04:52 77
04:54 79
04:57 80
05:00 78
05:03 78
05:05 77
05:08 79
05:11 77
05:13 80
05:16 80
05:19 79
05:21 77
05:24 78
05:27 78
05:29 78
05:32 79
05:35 78
05:38 78
05:40 77
05:43 76
05:46 78
05:49 80
05:52 76
05:54 76
05:57 79
06:00 76
06:03 77
06:06 76
06:08 78
06:11 77
06:14 78
06:17 76
06:20 78
06:22 79
06:25 74
06:28 78
06:31 76
06:33 79
06:36 74
06:39 75
06:42 79
06:44 77
06:47 77
06:50 75
06:53 76
06:56 75
06:58 75
07:01 75
07:04 74
07:07 77
07:09 77
07:12 77
07:15 74
07:18 74
07:20 76
07:23 79
07:26 77
07:29 77
07:31 74
07:34 76
07:37 75
07:40 75
07:43 75
07:45 74
07:48 75
07:51 77
07:54 74
07:57 77
08:00 73
08:02 75
08:05 74
08:08 74
08:11 74
08:13 75
08:16 75
08:19 74
08:22 74
08:25 73
08:27 74
08:30 74
08:33 74
08:36 75
08:39 74
08:41 76
08:44 75
08:47 74
08:50 77
08:53 72
08:56 75
08:58 76
09:01 74
09:04 75
09:07 75
09:10 74
09:12 75
09:15 73
09:18 76
09:21 75
09:24 77
09:27 74
09:29 76
09:32 76
09:35 72
09:38 76
09:41 74
09:44 75
09:46 74
09:49 75
09:52 75
09:55 75
09:58 75
10:01 73
10:04 76
10:06 74
10:09 75
10:12 73
10:15 76
10:18 75
10:21 76
10:24 77
10:26 74
10:29 74
10:32 74
10:35 77
10:38 76
10:41 75
10:44 75
10:47 74
10:50 74
10:52 76
10:55 74
10:58 75
11:01 74
11:04 75
11:07 76
11:10 76
11:13 77
11:16 76
11:19 74
11:21 74
11:24 75
11:27 73
11:30 74
11:33 76
11:36 71
11:39 78
11:42 72
11:45 72
11:48 72
11:51 69
11:54 71
11:57 73
11:59 71
12:02 72
12:05 71
12:08 72
12:11 69
12:14 67
12:17 70
12:20 69
12:23 70
12:26 65
12:29 67
12:32 67
12:35 64
12:38 66
12:41 65
12:44 67
12:47 65
12:50 66
12:53 62
12:55 65
12:58 65
13:01 64
13:04 65
13:07 66
13:10 66
13:14 62
13:17 64
13:20 65
13:23 64
13:26 63
13:29 64
13:32 63
13:35 63
13:38 64
13:41 66
13:44 65
13:47 63
13:50 63
13:53 66
13:56 62
13:59 65
14:02 65
14:05 65
14:09 67
14:12 64
14:15 64
14:18 66
14:21 65
14:24 64
14:27 66
14:30 64
14:33 66
14:36 66
14:39 65
14:42 64
14:46 62
14:49 64
14:52 64
14:55 67
14:58 66
15:01 66
15:04 65
15:08 65
15:11 65
15:14 62
15:17 59
15:20 61
15:23 65
15:27 59
15:30 58
15:33 59
15:36 58
15:39 61
15:42 58
15:45 61
15:48 57
15:51 60
15:54 60
15:57 59
16:00 59
16:03 56
16:07 60
16:10 59
16:13 60
16:16 61
16:19 58
16:22 58
16:25 60
16:29 60
16:32 60
16:35 58
16:38 60
16:41 57
16:44 58
16:47 58
16:51 58
16:54 58
16:57 60
17:00 61
17:04 59
17:07 58
17:10 59
17:13 58
17:16 59
17:19 58
17:23 59
17:26 59
17:29 58
17:32 58
17:35 57
17:38 60
17:42 60
17:45 59
17:48 62
17:52 59
17:55 60
17:58 60
18:01 60
18:04 60
18:07 61
18:11 59
18:14 61
18:17 57
18:20 64
18:24 63
18:27 59
18:30 60
18:33 58
18:36 62
18:40 61
18:43 59
18:46 61
18:49 63
18:53 60
18:56 62
18:59 63
19:02 63
19:05 62
19:09 62
19:12 64
19:15 62
19:18 63
19:21 62
19:25 62
19:28 62
19:31 62
19:34 63
19:37 63
19:41 64
19:44 64
19:47 62
19:50 60
19:53 60
19:57 65
20:00 63
20:03 64
20:06 63
20:10 62
20:13 64
20:16 65
20:19 64
20:23 64
20:26 62
20:29 64
20:32 64
20:36 66
20:39 64
20:42 67
20:45 63
20:49 64
20:52 66
20:55 63
20:58 63
21:02 66
21:05 65
21:08 65
21:12 65
21:15 66
21:18 66
21:21 66
21:25 64
21:28 64
21:32 65
21:35 66
21:38 64
21:42 68
21:45 68
21:48 66
21:52 67
21:55 65
21:58 66
22:02 65
22:05 66
22:08 64
22:12 67
22:15 65
22:18 64
22:22 65
22:25 65
22:28 65
22:32 67
22:35 66
22:38 67
22:42 66
22:45 66
22:48 64
22:52 65
22:55 67
22:59 68
23:02 65
23:06 65
23:09 66
23:12 66
23:16 64
23:19 66
23:22 65
23:26 67
23:29 69
23:33 67
23:36 68
23:39 67
23:43 67
23:46 67
23:50 66
23:53 65
23:56 65
00:00 67
00:03 69
00:07 67
00:10 69
00:13 66
00:17 67
00:20 67
00:24 67
00:27 66
00:30 67
00:34 68
00:37 66
00:41 68
00:44 67
00:48 66
00:51 69
00:54 68
00:58 67
01:01 68
01:05 70
01:08 66
01:12 66
01:15 67
01:19 69
01:22 66
01:25 68
01:29 67
01:33 69
01:36 69
01:40 68
01:43 66
01:46 66
01:50 68
01:53 67
01:57 69
02:00 66
02:04 66
02:07 65
02:11 67
02:14 68
02:17 68
02:21 68
02:24 67
02:28 68
02:31 68
02:35 67
02:38 69
02:42 69
02:45 68
02:49 67
02:52 66
02:56 69
02:59 66
03:03 67
03:07 69
03:10 68
03:14 68
03:17 67
03:21 69
03:24 69
03:28 68
03:31 69
03:35 66
03:39 70
03:42 69
03:46 66
03:50 68
03:53 66
03:57 68
04:01 65
04:04 66
04:08 70
04:11 67
04:15 68
04:18 69
04:22 69
04:26 67
04:29 69
04:33 68
04:37 67
04:40 65
04:44 68
04:47 67
04:51 70
04:54 68
04:58 65
05:01 66
05:05 68
05:08 66
05:12 67
05:15 64
05:19 69
05:22 68
05:26 68
05:29 67
05:33 65
05:37 67
05:40 64
05:44 66
05:47 66
05:51 68
05:54 66
05:58 66
06:01 65
06:05 64
06:09 66
06:12 64
06:16 67
06:19 65
06:23 65
06:26 66
06:30 68
06:34 66
06:37 64
06:41 64
06:45 64
06:48 66
06:52 67
06:55 65
06:59 65
07:03 66
07:06 64
07:10 66
07:14 64
07:17 64
07:21 64
07:24 63
07:28 67
07:32 64
07:35 64
07:39 64
07:43 66
07:46 64
07:50 66
07:54 64
07:57 65
08:01 65
08:04 65
08:08 65
08:12 65
08:15 63
08:19 63
08:23 63
08:26 63
08:30 60
08:34 62
08:37 65
08:41 63
08:44 64
08:48 62
08:52 63
08:55 64
08:59 64
09:03 65
09:06 64
09:10 65
09:14 65
09:18 64
09:21 63
09:25 62
09:29 64
09:32 63
09:36 64
09:40 61
09:43 61
09:47 61
09:51 64
09:54 64
09:58 64
10:02 61
10:05 64
10:09 63
10:13 63
10:16 62
10:20 63
10:24 63
10:28 62
10:31 63
10:35 65
10:39 60
10:42 64
10:46 63
10:50 63
10:53 63
10:57 63
11:01 62
11:05 63
11:08 63
11:12 61
11:16 62
11:19 61
11:23 61
11:27 62
11:31 60
11:34 60
11:38 60
11:42 58
11:46 57
11:49 58
11:53 58
11:57 56
12:01 59
12:04 56
12:08 56
12:12 55
12:16 56
12:19 56
12:23 57
12:27 56
12:31 54
12:34 55
12:38 52
12:42 54
12:46 53
12:49 55
12:53 55
12:57 55
13:01 53
13:05 55
13:08 53
13:12 56
13:16 53
13:20 56
13:24 55
13:27 57
13:31 54
13:35 56
13:39 54
13:42 54
13:46 56
13:50 56
13:54 57
13:58 55
14:02 57
14:05 56
14:09 56
14:13 53
14:17 54
14:21 55
14:24 56
14:28 54
14:32 55
14:36 53
14:40 54
14:44 52
14:47 53
14:51 56
14:55 54
14:59 53
15:03 55
15:07 57
15:10 56
15:14 55
15:18 56
15:22 54
15:26 55
15:30 55
15:34 57
15:37 57
15:41 56
15:45 59
15:49 57
15:53 57
15:57 58
16:01 59
16:04 58
16:08 58
16:12 55
16:16 57
16:20 60
16:23 58
16:27 61
16:31 57
16:35 59
16:39 58
16:42 57
16:46 57
16:50 59
16:54 60
16:58 56
17:01 56
17:05 61
17:09 58
17:13 59
17:17 58
17:20 59
17:24 59
17:28 57
17:32 61
17:36 59
17:40 60
17:44 57
17:47 58
17:51 61
17:55 59
17:59 60
18:03 58
18:07 61
18:10 61
18:14 62
18:18 61
18:22 61
18:26 61
18:30 62
18:33 62
18:37 61
18:41 62
18:45 62
18:49 65
18:53 61
18:57 60
19:01 62
19:05 63
19:09 60
19:12 63
19:16 61
19:20 62
19:24 64
19:28 64
19:32 64
19:36 66
19:40 61
19:44 63
19:47 64
19:51 61
19:55 65
19:59 64
20:03 63
20:07 64
20:11 63
20:15 62
20:19 64
20:23 64
20:26 64
20:30 66
20:34 67
20:38 65
20:42 65
20:46 66
20:50 66
20:54 65
20:58 64
21:02 66
21:06 67
21:10 68
21:13 64
21:17 66
21:21 64
21:25 65
21:29 67
21:33 66
21:37 67
21:41 66
21:45 67
21:49 68
21:53 65
21:57 67
22:01 66
22:05 65
22:09 65
22:13 66
22:17 69
22:21 68
22:25 67
22:29 68
22:33 68
22:37 66
22:41 69
22:45 65
22:49 66
22:53 65
22:57 67
23:01 67
23:05 67
23:09 68
23:13 68
23:17 69
23:21 67
23:25 69
23:29 69
23:33 68
23:37 68
23:41 68
23:46 68
23:50 69
23:54 67
23:58 67
00:02 66
00:06 66
00:10 67
00:14 71
00:18 69
00:22 66
00:26 68
00:30 67
00:34 68
00:38 66
00:42 71
00:46 67
00:50 67
00:54 69
00:58 67
01:02 70
01:06 68
01:10 70
01:14 70
01:18 71
01:23 70
01:27 71
01:31 69
01:35 70
01:39 69
01:43 71
01:47 69
01:51 72
01:55 69
01:59 73
02:03 68
02:07 70
02:11 73
02:15 71
02:19 68
02:23 72
02:27 72
02:31 71
02:35 69
02:40 69
02:44 70
02:48 68
02:52 72
02:56 70
03:00 71
03:04 71
03:08 70
03:12 68
03:16 68
03:20 71
03:25 68
03:29 70
03:33 71
03:37 69
03:41 75
03:46 69
03:50 71
03:54 69
03:58 69
04:02 69
04:06 70
04:10 69
04:15 70
04:19 68
04:23 69
04:27 68
04:32 74
04:36 70
04:40 69
04:44 69
04:48 69
04:52 70
04:56 71
05:01 68
05:05 70
05:09 68
05:13 71
05:17 72
05:21 68
05:25 69
05:30 69
05:34 71
05:38 70
05:42 69
05:46 69
05:51 68
05:55 68
05:59 69
06:04 69
06:08 69
06:12 69
06:16 70
06:21 67
06:25 69
06:29 68
06:34 69
06:38 66
06:42 66
06:47 68
06:51 68
06:55 67
06:59 68
07:04 68
07:08 68
07:12 67
07:17 66
07:21 66
07:25 67
07:30 67
07:34 66
07:38 69
07:43 67
07:47 69
07:51 65
07:56 67
08:00 66
08:04 66
08:09 65
08:13 69
08:17 66
08:22 68
08:26 67
08:30 68
08:35 68
08:39 69
08:43 69
08:47 66
08:52 68
08:56 68
09:00 66
09:05 66
09:09 69
09:14 65
09:18 66
09:22 66
09:26 66
09:31 66
09:35 67
09:39 66
09:43 66
09:48 66
09:52 67
09:56 65
10:00 64
10:05 65
10:09 63
10:14 65
10:18 65
10:22 61
10:27 64
10:31 62
10:35 64
10:40 65
10:44 61
10:48 65
10:53 64
10:57 65
11:01 60
11:05 62
11:10 63
11:14 63
11:19 64
11:23 62
11:27 64
11:32 64
11:36 65
11:40 65
11:45 62
11:49 63
11:54 63
11:58 64
12:03 63
12:07 62
12:11 62
12:16 63
12:20 65
12:24 62
12:29 65
12:33 65
12:37 64
12:42 63
12:46 62
12:50 63
12:55 62
12:59 61
13:04 62
13:08 62
13:12 62
13:17 62
13:21 60
13:25 61
13:30 63
13:34 60
13:39 61
13:43 63
13:47 59
13:52 63
13:56 63
14:01 60
14:05 63
14:09 63
14:14 65
14:18 62
14:22 64
14:27 65
14:31 63
14:36 62
14:40 64
14:45 65
14:49 63
14:53 63
14:58 64
15:02 65
15:07 66
15:11 66
15:16 66
15:20 65
15:25 65
15:29 67
15:34 65
15:38 66
15:43 65
15:47 67
15:52 64
15:56 64
16:01 66
16:05 66
16:10 65
16:14 64
16:19 65
16:23 65
16:28 64
16:32 67
16:37 66
16:41 67
16:46 65
16:51 66
16:55 66
17:00 66
17:04 67
17:09 67
17:13 68
17:18 68
17:22 65
17:27 67
17:31 70
17:36 68
17:40 69
17:45 67
17:50 68
17:54 68
17:59 69
18:03 70
18:08 70
18:13 68
18:17 71
18:22 66
18:26 70
18:31 69
18:35 67
18:40 70
18:45 69
18:49 69
18:54 70
18:58 71
19:03 70
19:08 70
19:12 69
19:17 71
19:22 70
19:26 68
19:31 71
19:36 71
19:40 73
19:45 72
19:49 73
19:54 71
19:58 71
20:03 72
20:08 73
20:12 71
11:27 87
11:28 90
11:29 91
11:29 88
11:29 90
11:31 90
11:31 88
